#RoverShape
10
8	7
11	15
0	255
127	127	127	127	127	127	255	255	255	127	127	127	127	127	127
127	127	127	255	255	255	255	255	255	255	255	255	127	127	127
127	127	127	255	255	255	255	255	255	255	255	255	127	127	127
127	127	127	255	255	255	255	255	255	255	255	255	127	127	127
127	127	127	255	255	255	255	255	255	255	255	255	127	127	127
127	127	255	255	255	255	255	255	255	255	255	255	255	127	127
255	255	255	255	255	255	255	255	255	255	255	255	255	255	255
255	255	255	255	255	255	255	255	255	255	255	255	255	255	255
255	255	255	255	255	255	255	255	255	255	255	255	255	255	255
255	255	255	255	255	255	255	255	255	255	255	255	255	255	255
255	255	255	255	255	255	255	255	255	255	255	255	255	255	255

#M0+
10
-3	7
4	6
0	255
0	1	11	23	33	34
0	1	11	23	33	34
0	1	11	23	33	34
0	1	11	23	33	34


#M1+
10
-3	-2
4	6
0	255
34	33	23	11	1	0
34	33	23	11	1	0
34	33	23	11	1	0
34	33	23	11	1	0

#M2+
10	
-3	3
4	7
0	255
56	33	0	0	0	33	56
56	33	0	0	0	33	56
56	33	0	0	0	33	56
56	33	0	0	0	33	56

#M0-
10	
11	7
9	13
0	255
127	127	127	127	56	56	56	56	56	127	127	127	127
127	127	127	56	56	56	0	0	0	56	56	56	127
127	127	127	0	0	0	0	0	0	0	0	0	127
127	127	127	0	0	0	127	127	127	0	0	0	56
127	127	127	127	127	127	127	127	127	127	127	127	33
127	127	127	127	127	127	127	127	127	127	127	127	127
56	56	56	127	127	127	127	127	127	127	127	127	127
33	33	56	127	127	127	127	127	127	127	127	127	127
33	33	127	127	127	127	127	127	127	127	127	127	127

#M1-
10	
11	6
9	14
0	255
127	127	127	127	127	56	56	56	127	127	127	127	127	127
127	127	56	56	56	0	0	0	56	56	56	127	127	127
127	127	0	0	0	0	0	0	0	0	0	127	127	127
127	56	0	0	0	127	127	127	0	0	0	127	127	127
127	33	127	127	127	127	127	127	127	127	127	56	127	127
127	127	127	127	127	127	127	127	127	127	127	127	127	127
127	127	127	127	127	127	127	127	127	127	127	127	127	127
127	127	127	127	127	127	127	127	127	127	127	56	56	56
127	127	127	127	127	127	127	127	127	127	127	127	33	33

#M2-
10	
10	7
8	15
0	255
127	127	127	127	127	127	0	0	0	127	127	127	127	127	127
127	127	127	0	0	0	0	0	0	0	0	0	127	127	127
127	127	127	0	0	0	127	127	127	0	0	0	127	127	127
127	127	127	127	127	127	127	127	127	127	127	127	127	127	127
127	127	127	127	127	127	127	127	127	127	127	127	127	127	127
127	127	127	127	127	127	127	127	127	127	127	127	127	127	127
33	33	33	127	127	127	127	127	127	127	127	127	33	33	33
33	33	127	127	127	127	127	127	127	127	127	127	127	33	33
